19.5972
19.5769
19.584
19.5565
19.546
19.5673
19.5473
19.5397
19.517
19.5087
19.5052
19.4683
19.4893
19.467
19.4425
19.4415
19.3898
19.3933
19.3405
19.3202
19.3422
19.2945
19.2848
19.2371
19.2827
19.3381
19.3406
19.4421
19.6111
19.678
19.7952
19.9315
19.9415
19.9722
20.0661
20.1027
20.1967
20.2415
20.268
20.3559
20.3733
20.4271
20.4386
20.4249
20.4536
20.4532
20.4488
20.4516
20.4415
20.4602
20.4759
20.5007
20.5073
20.5436
20.553
20.5335
20.6173
20.5986
20.6175
20.6994
20.7096
20.8066
20.7895
20.821
20.8658
20.8156
20.8175
20.8142
20.7821
20.7682
20.8271
20.7822
20.737
20.7324
20.7077
20.6723
20.6618
20.643
20.6432
20.7272
20.6708
20.6361
20.6349
20.6001
20.5717
20.5574
20.5263
20.5225
20.5642
20.5579
20.5312
20.5587
20.6106
20.6303
20.6097
20.637
20.6126
20.6974
20.6543
20.6587
20.6623
20.6234
20.6317
20.6018
20.5853
20.564
20.533
20.5505
20.5238
20.5365
20.5221
20.5364
20.5372
20.5532
20.5502
20.6263
20.671
20.6516
20.6736
20.6461
20.6263
20.6238
20.5825
20.5558
20.5407
20.5495
20.5545
20.5277
20.5678
20.5769
20.5987
20.6109
20.5883
20.5817
20.568
20.5619
20.5726
20.7041
20.7911
20.7544
20.7674
20.8091
20.786
20.8007
20.7528
20.7088
20.6371
20.5922
20.5271
20.4511
20.3974
20.343
20.3283
20.3957
20.358
20.346
20.2995
20.2806
20.2331
20.1775
20.1662
20.1514
20.1307
20.162
20.135
20.1245
20.0825
20.0643
20.0313
20.0286
19.9904
19.9528
19.92
19.9917
20.0198
20.004
19.9667
19.9668
19.9626
19.9333
19.8903
19.8884
19.9071
20.024
20.1425
20.1347
20.1325
20.1716
20.1467
20.1071
20.0758
20.0549
20.0675
20.0959
20.0706
20.0691
20.031
20.0004
19.9699
19.933
19.955
19.9272
19.9567
19.9551
19.9219
19.8966
19.8653
19.8713
19.8632
19.8375
19.8473
19.85
19.8715
19.9684
19.9709
19.9415
19.9305
19.9007
19.8914
19.8502
19.8261
19.8367
19.8877
19.9117
19.8856
19.896
19.9054
19.8732
19.8439
19.9219
19.9584
20.0222
20.1606
20.2097
20.2455
20.2468
20.202
20.1655
20.13
20.0952
20.0965
20.0834
20.1125
20.1215
20.1651
20.1311
20.0999
20.0981
20.0643
20.053
20.0254
20.0549
20.0663
20.067
20.0683
20.0342
20.0371
20.0394
20.0449
20.0117
20.005
20.0508
20.02
20.0246
19.9962
19.9704
19.9798
19.9428
19.9179
19.8876
19.9466
19.9679
19.9442
19.9454
19.9238
19.9214
19.8979
19.8793
19.8782
19.9108
19.9445
19.9529
19.9618
19.9378
19.9212
19.9367
19.9193
19.9311
19.91
19.9272
20.0097
20.014
20.023
19.9978
19.9723
19.9851
19.9797
19.9441
19.919
19.9518
19.9948
20.0182
19.9833
19.9755
19.94
19.9497
19.9633
19.9409
19.9205
19.9725
19.9652
19.9892
19.9656
19.9835
19.9602
19.9402
19.9578
19.9308
19.9398
19.9681
19.9773
19.9396
20.029
20.0733
20.0962
20.1069
20.1742
20.1815
20.1671
20.2285
20.2284
20.2305
20.1983
20.1572
20.1651
20.1362
20.1467
20.1256
20.1111
20.1482
20.1657
20.1885
20.1594
20.1749
20.1451
20.1541
20.1264
20.0983
20.116
20.1855
20.2043
20.1732
20.1692
20.146
20.1199
20.0988
20.0804
20.0922
20.0796
20.0964
20.109
20.1175
20.1405
20.1164
20.0926
20.058
20.0246
20.0879
20.1152
20.1209
20.0943
20.0955
20.1008
20.0807
20.1014
20.0688
20.0696
20.07
20.1381
20.1137
20.0865
20.1003
20.0807
20.1011
20.0785
20.0623
20.0596
20.1282
20.1407
20.1395
20.1122
20.112
20.0983
20.1176
20.0965
20.0961
20.1467
20.1743
20.1474
20.1623
20.146
20.1443
20.1581
20.1354
20.1513
20.1739
20.2099
20.232
20.2304
20.2113
20.2224
20.1993
20.2189
20.1955
20.2314
20.2486
20.2659
20.2433
20.2786
20.2573
20.2673
20.2471
20.2257
20.2312
20.2834
20.289
20.3054
20.2761
20.2739
20.2489
20.2612
20.2392
20.2451
20.2987
20.3406
20.3489
20.3685
20.3386
20.3112
20.3126
20.2986
20.2968
20.346
20.3566
20.4409
20.4331
20.4296
20.3918
20.394
20.3548
20.3642
20.3288
20.4033
20.4097
20.3658
20.3168
20.3288
20.2985
20.2761
20.2512
20.2172
20.2294
20.2545
20.2626
20.2608
20.229
20.2399
20.209
20.2132
20.1841
20.1776
20.2697
20.2696
20.2434
20.2459
20.2104
20.2281
20.2019
20.2075
20.1808
20.2436
20.2946
20.2615
20.2331
20.2354
20.2114
20.2171
20.2331
20.1992
20.2302
20.2915
20.282
20.2269
20.1968
20.2081
20.1777
20.1777
20.1481
20.1555
20.1848
20.2205
20.1842
20.1528
20.1558
20.1207
20.138
20.2632
20.3615
20.4398
20.51
20.5437
20.491
20.4754
20.4504
20.4166
20.3599
20.3472
20.3105
20.3183
20.3172
20.2674
20.2594
20.2157
20.1775
20.1545
20.1107
20.1156
20.1333
20.2088
20.2032
20.1934
20.1501
20.1123
20.1244
20.0895
20.09
20.0671
20.0651
20.0159
19.9723
19.9759
19.9339
19.9364
19.8983
19.882
19.8954
19.8872
19.9392
19.9054
19.8651
19.8786
19.8576
19.8407
19.813
19.7826
19.7862
19.888
19.9031
19.874
19.8734
19.8311
19.7929
19.8111
19.7761
19.8235
19.7918
19.8608
19.8568
19.8267
19.8204
19.7863
19.8013
19.7818
19.779
19.7559
19.7388
19.7874
19.8189
19.8325
19.791
19.7546
19.785
19.7599
19.7785
19.7698
19.7529
19.7814
19.8788
19.8916
19.8699
19.8642
19.836
19.8147
19.8291
19.8041
19.8298
19.797
19.8739
19.8571
19.8272
19.835
19.8014
19.8076
19.8052
19.7725
19.7426
19.7399
19.7781
19.7744
19.77
19.7549
19.7348
19.7718
19.746
19.7964
19.8499
19.8931
19.8885
19.8829
19.8583
19.8226
19.8412
19.8243
19.8445
19.8597
19.9111
19.9344
19.9086
19.8855
19.8831
19.8468
19.8626
19.8598
19.8249
19.8305
19.8974
19.9171
19.9371
19.9109
19.8887
19.8655
19.8796
19.8455
19.8557
19.9453
19.9934
20.1657
20.2386
20.2671
20.24
20.2942
20.2905
20.2867
20.3232
20.3688
20.3537
20.299
20.2927
20.2872
20.251
20.2123
20.2101
20.1628
20.1811
20.1946
20.1562
20.1633
20.1288
20.1134
20.073
20.0492
20.067
20.0825
20.0919
20.1499
20.1368
20.1337
20.0998
20.1129
20.0851
20.1011
20.0762
20.0788
20.1038
20.149
20.1346
20.0976
20.1112
20.1077
20.0777
20.0989
20.0781
20.1488
20.1683
20.178
20.169
20.1867
20.1573
20.1355
20.1154
20.1347
20.2135
20.2202
20.1962
20.1874
20.1632
20.1344
20.1497
20.1233
20.1137
20.0945
20.1839
20.1789
20.1556
20.1637
20.1441
20.185
20.1627
20.18
20.1527
20.1874
20.2378
20.2418
20.2114
20.2089
20.184
20.1614
20.1765
20.1714
20.145
20.2121
20.2018
20.2247
20.2102
20.1991
20.1769
20.1496
20.1639
20.1368
20.1557
20.1759
20.2124
20.1943
20.1699
20.1507
20.1267
20.15
20.1265
20.1447
20.2395
20.2925
20.2695
20.2496
20.2625
20.2504
20.2703
20.257
20.2734
20.2843
20.3306
20.3101
20.283
20.2895
20.2755
20.3255
20.3035
20.3063
20.3138
20.37
20.3926
20.3743
20.3371
20.3373
20.3016
20.3142
20.2878
20.2572
20.3135
20.3245
20.316
20.2862
20.2533
20.2587
20.246
20.4125
20.4877
20.5739
20.6461
20.6773
20.6346
20.6111
20.5649
20.5243
20.52
20.4768
20.49
20.4929
20.5062
20.4653
20.4748
20.4769
20.4348
20.4073
20.4045
20.3695
20.4067
20.4402
20.4382
20.4056
20.3852
20.3552
20.3346
20.3446
20.3303
20.3586
20.3608
20.4598
20.4684
20.4299
20.3934
20.3785
20.4057
20.3712
20.3618
20.3325
20.3905
20.3844
20.3536
20.3586
20.325
20.3431
20.3169
20.3122
20.2911
20.2695
20.3517
20.3465
20.3583
20.3717
20.3499
20.3136
20.3215
20.2905
20.3684
20.4933
20.521
20.4852
20.4872
20.4918
20.4579
20.4566
20.4171
20.3869
20.438
20.4942
20.5205
20.5313
20.5008
20.5038
20.4631
20.4685
20.4349
20.4081
20.4354
20.4228
20.4552
20.4871
20.5097
20.4702
20.4697
20.4531
20.4418
20.4464
20.454
20.4865
20.4931
20.485
20.4618
20.4824
20.5147
20.5022
20.5052
20.4732
20.5385
20.5797
20.5375
20.5497
20.5122
20.5417
20.5153
20.4815
20.4675
20.5284
20.6214
20.5796
20.5855
20.5488
20.5622
20.5453
20.5225
20.5524
20.5622
20.6932
20.6888
20.6623
20.6733
20.648
20.6552
20.6246
20.6295
20.6245
20.7082
20.6807
20.6562
20.6644
20.6346
20.6645
20.6298
20.6431
20.633
20.6745
20.6681
20.6409
20.6871
20.6549
20.6656
20.6299
20.6359
20.6142
20.6675
20.6598
20.6365
20.642
20.6156
20.6301
20.6035
20.6098
20.5828
20.5571
20.654
20.677
20.6883
20.6632
20.6824
20.6522
20.673
20.6438
20.6182
20.6528
20.6973
20.7088
20.6895
20.6987
20.6668
20.6621
20.6438
20.6651
20.6779
20.6776
20.6943
20.665
20.6419
20.6548
20.6355
20.6694
20.6501
20.6704
20.658
20.7984
20.7948
20.7712
20.777
20.7537
20.76
20.7356
20.7345
20.7037
20.7381
20.7294
20.7399
20.727
20.703
20.6791
20.6941
20.679
20.705
20.7503
20.7507
20.808
20.7782
20.8122
20.7816
20.7637
20.743
20.7214
20.7999
20.7911
20.7996
20.7725
20.7753
20.7531
20.7626
20.7383
20.7146
20.7244
20.761
20.8278
20.8145
20.8304
20.7985
20.7687
20.7801
20.7543
20.7793
20.79
20.8328
20.8192
20.8
20.8054
20.773
20.7912
20.756
20.7729
20.8033
20.8919
20.8759
20.8341
20.8345
20.8038
20.8112
20.7913
20.8019
20.7928
20.8784
20.8605
20.9032
20.8721
20.8886
20.8615
20.8593
20.8314
20.9031
20.9495
20.9683
20.9764
20.9389
20.9027
20.8939
20.8877
20.8513
20.9074
20.8984
20.9069
20.9233
20.8924
21.0508
21.0603
21.0955
21.0905
21.1557
21.1986
21.2011
21.1925
21.1693
21.1302
21.0937
21.0967
21.0658
21.1334
21.152
21.1532
21.1148
21.0751
21.078
21.0373
21.0544
21.0222
20.9941
21.0537
21.0931
21.1217
21.084
21.0496
21.0501
21.0209
21.0257
20.9992
21.0346
21.0804
21.0673
21.0358
21.0018
20.9648
20.9359
20.9642
20.9348
20.9438
21.0306
21.04
21.0107
21.0201
20.9976
20.9646
20.9641
20.9352
20.9467
20.9812
20.9807
20.9565
20.9744
20.9441
20.9157
20.9141
20.8857
20.9404
21.0424
21.0469
21.0166
21.013
20.9823
20.9768
20.9529
20.9341
20.9614
20.9373
21.0006
21.0058
21.0248
21.0027
20.9999
20.975
20.9544
20.9195
20.9252
20.9883
21.0575
21.035
21.0389
21.0176
21.0315
21.0081
21.0012
20.9849
21.0754
21.0468
21.0158
20.9869
20.9525
20.9768
20.9546
20.9778
20.9532
21.0012
21.0095
21.0238
20.9874
20.9967
21.0098
20.9884
20.9497
20.9694
20.9767
20.6564
20.5792
20.5349
20.4575
20.4104
20.3362
20.2831
20.2133
20.1446
20.1915
20.197
20.1309
20.0998
20.0388
20.0164
19.9584
19.9018
19.942
19.8886
20.0074
20.1202
20.0791
20.0166
19.961
19.9419
19.8911
19.8789
19.8272
19.779
19.7478
19.7688
19.8005
19.7555
19.7502
19.7078
19.6659
19.6772
19.6366
19.6571
19.6655
19.6571
19.6191
19.5838
19.591
19.5551
19.567
19.5382
19.5091
19.5026
19.5486
19.571
19.5538
19.5874
19.5737
19.5922
19.5802
19.5619
19.58
19.6501
19.6823
19.6485
19.6231
19.6073
19.5928
19.6172
19.5969
19.5915
19.5775
19.6887
19.6711
19.6922
19.6721
19.6512
19.6358
19.6202
19.8261
19.8225
19.8701
19.9931
19.9616
19.9643
19.9303
19.9396
19.911
19.8799
19.89
19.9333
20.0289
20.07
20.0541
20.0204
19.9846
19.9515
19.9009
19.907
19.8796
19.9435
20.0023
20.0077
19.9865
20.0024
19.9729
19.9839
19.9567
19.9291
19.9567
19.9706
19.9913
19.9677
19.9443
19.9567
19.9313
19.9396
19.8985
19.8738
19.9697
19.9414
19.9594
19.9331
19.9412
19.9143
19.8905
20.1054
20.1838
20.1768
20.1621
20.2519
20.2486
20.2479
20.2074
20.1666
20.1673
20.1311
20.1328
20.1821
20.2107
20.1706
20.1312
20.0876
20.0726
20.0459
20.055
20.0247
20.0825
20.1599
20.1683
20.1547
20.1267
20.0951
20.063
20.0692
20.0387
20.0513
20.1091
20.1524
20.1242
20.0953
20.1312
20.0979
20.0988
20.0697
20.0771
20.1065
20.1264
20.1721
20.136
20.1008
20.1044
20.0758
20.1116
20.0794
20.0855
20.1214
20.1334
20.1501
20.1158
20.1212
20.0893
20.0966
20.1002
20.0669
20.0733
20.0794
20.1147
20.1222
20.0885
20.095
20.064
20.033
20.0244
19.9932
19.9802
20.0038
20.0396
20.0859
20.0822
20.0538
20.0612
20.0345
20.0427
20.0138
20.0086
20.0345
20.0433
20.0687
20.0367
20.0424
20.0179
20.0282
20.0024
19.9756
19.9756
20.0069
20.1367
20.1046
20.1223
20.0918
20.0697
20.1172
20.0774
20.0483
20.1106
20.1525
20.1575
20.1286
20.1223
20.077
20.0828
20.0945
20.0529
20.0626
20.1611
20.1272
20.1325
20.1038
20.101
20.0732
20.0455
20.0759
20.0486
20.0964
20.1345
20.1431
20.1179
20.1281
20.0989
20.0691
20.0782
20.0542
20.072
20.1852
20.1548
20.1147
20.1274
20.0995
20.1025
20.0763
20.0506
20.0456
20.0378
20.1589
20.1449
20.1178
20.1243
20.1011
20.1
20.0687
20.0802
20.0399
20.0572
20.0758
20.0904
20.063
20.0394
20.0925
20.0352
19.9547
19.9091
19.8343
19.8224
19.8257
19.8161
19.7834
19.7432
19.6798
19.649
19.623
19.553
19.5201
19.5326
19.5518
19.5168
19.4901
19.4389
19.4237
19.3746
19.3575
19.3178
19.2772
19.3764
19.3966
19.4208
19.4113
19.3737
19.3539
19.3122
19.2705
19.2744
19.2406
19.2461
19.2774
19.3096
19.2638
19.2222
19.2197
19.1864
19.1718
19.1315
19.0993
19.1486
19.1931
19.2056
19.1704
19.1271
19.1413
19.138
19.1089
19.0857
19.0946
19.1704
19.1744
19.1482
19.1204
19.1171
19.1102
19.0728
19.0877
19.0631
19.0618
19.0899
19.0949
19.1014
19.0988
19.0822
19.0919
19.0656
19.0913
19.068
19.0495
19.133
19.1498
19.155
19.1279
19.126
19.087
19.0628
19.082
19.0651
19.0918
19.1361
19.1449
19.1552
19.1114
19.1129
19.0862
19.0643
19.0634
19.0583
19.0404
19.1221
19.218
19.2142
19.1947
19.1582
19.1341
19.1309
19.1169
19.0895
19.1137
19.201
19.3139
19.3038
19.2987
19.2706
19.2705
19.2394
19.2135
19.1856
19.2176
19.3021
19.311
19.2728
19.2762
19.2489
19.2144
19.1949
19.2081
19.185
19.205
19.2689
19.2803
19.253
19.2672
19.2422
19.2159
19.2404
19.2153
19.2306
19.2094
19.2902
19.2904
19.2624
19.2373
19.2436
19.2101
19.2176
19.1782
19.1525
19.1596
19.2375
19.2933
19.2658
19.2683
19.2388
19.2072
19.1983
19.1674
19.1834
19.3316
19.4392
19.4333
19.4105
19.4725
19.4445
19.4015
19.3966
19.3586
19.3642
19.3632
19.4057
19.4343
19.4227
19.3799
19.3767
19.3425
19.3354
19.2976
19.2735
19.2777
19.3806
19.3491
19.3093
19.4115
19.4385
19.4863
19.4383
19.4136
19.4558
19.4452
19.4417
19.3984
19.3432
19.341
19.3035
19.288
19.2514
19.2163
19.2203
19.1885
19.2711
19.2372
19.1996
19.2006
19.1546
19.1641
19.1213
19.0927
19.1083
19.0747
19.0888
19.1042
19.1595
19.1262
19.0919
19.1024
19.0571
19.0746
19.0327
19.0026
19.0491
19.0933
19.1017
19.0722
19.0235
19.0114
18.9866
18.9858
18.9554
18.9286
18.9006
18.9875
19.2625
19.2652
19.2134
19.1963
19.1724
19.1524
19.1122
19.1054
19.151
19.1823
19.1914
19.1901
19.147
19.1498
19.1065
19.0642
19.0721
19.0411
19.0878
19.1441
19.1308
19.1078
19.0705
19.0702
19.0333
19.0027
18.9673
18.9371
18.9261
18.9638
19.0023
18.9564
18.9113
18.9108
18.8768
18.8674
18.8324
18.7881
18.7892
18.843
18.8227
18.7791
18.7366
18.7453
18.7083
18.7273
18.7105
18.6892
18.69
18.9287
19.0016
18.997
19.0068
19.0398
19.0399
18.9851
18.9377
18.8982
18.9242
18.948
18.9467
18.9081
18.8816
18.8523
18.8049
18.8031
18.7625
18.7386
18.7424
18.8003
18.8168
18.7722
18.7456
18.7434
18.7469
18.7511
18.7426
18.7176
18.7036
18.7647
18.7241
18.7238
18.6964
18.7164
18.6933
18.6554
18.6406
18.6461
18.6281
18.6407
18.6932
18.6907
18.7151
18.6834
18.6655
18.6489
18.6321
18.6412
18.6212
18.6261
18.6539
18.6766
18.7136
18.7211
18.722
18.6951
18.6613
18.6755
18.6715
18.6389
18.6562
18.7096
18.6862
18.671
18.6554
18.6784
18.6439
18.647
18.6248
18.6063
18.622
18.6622
18.7357
18.7298
18.7034
18.7237
18.689
18.7126
18.6967
18.6806
18.693
18.6775
18.7902
18.791
18.8032
18.8039
18.7772
18.7548
18.7531
18.7146
18.7133
18.6983
18.7541
18.8441
18.9125
18.9609
18.9661
18.9721
18.9995
19.0113
19.0693
19.0676
19.1354
19.2168
19.2054
19.1518
19.1169
19.1495
19.0976
19.0987
19.1161
19.0796
19.0471
19.1765
19.2089
19.2054
19.2319
19.2164
19.2289
19.2276
19.2538
19.2788
19.3421
19.4184
19.4273
19.4288
19.3626
19.3362
19.2907
19.2537
19.2562
19.2815
19.2789
19.3185
19.3942
19.3932
19.3949
19.39
19.329
19.3045
19.2685
19.2299
19.2225
19.2996
19.4458
19.5206
19.5789
19.5273
19.5753
19.6255
19.5999
19.6284
19.5668
19.6251
19.698
19.6709
19.649
19.6396
19.5906
19.5777
19.5878
19.5701
19.5206
19.6353
19.664
19.6302
19.6667
19.6082
19.6026
19.5543
19.5042
19.4925
19.455
19.4892
19.4712
19.4283
19.4221
19.3805
19.3623
19.3204
19.2805
19.2826
19.2643
19.3065
19.3632
19.3146
19.3055
19.2598
19.2277
19.2491
19.21
19.2057
19.1771
19.1905
19.2381
19.237
19.2509
19.2122
19.1996
19.1629
19.1369
19.1375
19.1055
19.1525
19.2088
19.2129
19.1815
19.1697
19.1341
19.1129
19.1185
19.0849
19.0907
19.1265
19.2416
19.2218
19.1916
19.1948
19.2037
19.1692
19.1893
19.1537
19.1173
19.1473
19.1975
19.1917
19.1962
19.1699
19.1543
19.1203
19.099
19.0844
19.0765
19.0918
19.1421
19.1338
19.1407
19.1172
19.0961
19.0891
19.0925
19.1096
19.1203
19.0952
19.1711
19.1755
19.1387
19.149
19.1259
19.1257
19.1025
19.0726
19.0769
19.0493
19.1709
19.1949
19.1932
19.1658
19.1446
19.1418
19.1074
19.1325
19.1057
19.0748
19.1663
19.3123
19.3931
19.4271
19.3917
19.4097
19.4008
19.3676
19.3653
19.3259
19.3774
19.4211
19.3903
19.3628
19.3726
19.3326
19.3215
19.2831
19.2821
19.2597
19.2825
19.345
19.3297
19.3103
19.2699
19.3136
19.2898
19.2904
19.3199
19.2944
19.2954
19.3488
19.3087
19.3268
19.294
19.2811
19.2519
19.2219
19.2271
19.1934
19.3003
19.2618
19.223
19.2155
19.1813
19.1689
19.154
19.1316
19.1567
19.1432
19.2237
19.2994
19.2614
19.2505
19.2388
19.2178
19.1881
19.1535
19.1865
19.1938
19.2046
19.2216
19.1834
19.153
19.1543
19.123
19.1521
19.1214
19.1215
19.0954
19.2162
19.1944
19.1991
19.199
19.1778
19.1884
19.1674
19.1424
19.1651
19.1487
19.2433
19.2301
19.1935
19.2104
19.1783
19.1653
19.1769
19.16
19.152
19.1348
19.2145
19.2363
19.1988
19.2256
19.2125
19.201
19.2076
19.3064
19.4041
19.4978
19.4979
19.5361
19.5591
19.5506
19.5152
19.526
19.4944
19.4964
19.4672
19.4835
19.5616
19.6766
19.6382
19.638
19.5956
19.5842
19.552
19.5516
19.5554
19.5846
19.5858
19.6653
19.6318
19.6486
19.6013
19.5844
19.5432
19.5094
19.5223
19.5639
19.5519
19.5169
19.4803
19.4777
19.4538
19.4692
19.4452
19.4565
19.4299
19.4764
19.5313
19.5232
19.4935
19.466
19.4803
19.4597
19.4432
19.4132
19.3855
19.4663
19.4715
19.4355
19.4344
19.4002
19.4056
19.3745
19.4127
19.4188
19.4299
19.464
19.4886
19.4908
19.5039
19.5057
19.4964
19.4631
19.4656
19.4352
19.5145
19.5045
19.5697
19.5799
19.5466
19.5608
19.5343
19.5295
19.502
19.5212
19.5402
19.6
19.5656
19.5462
19.5474
19.5431
19.5214
19.5285
19.5073
19.524
19.4978
19.5267
19.5676
19.5828
19.764
19.8568
19.8348
19.8394
19.9115
19.8896
19.953
20.0379
19.9961
19.991
19.9381
19.8898
19.8618
19.8178
19.8099
19.7924
19.7532
19.8589
19.8636
19.8635
19.817
19.7817
19.8008
19.7789
19.7761
19.7392
19.778
19.7792
19.7991
19.7885
19.7553
19.745
19.7057
19.7104
19.6798
19.6588
19.7567
19.7391
19.7204
19.6828
19.6469
19.6261
19.6023
19.6036
19.5774
19.624
19.6525
19.6966
19.6965
19.6757
19.674
19.6445
19.6523
19.6238
19.5976
19.5982
19.6866
19.6977
19.664
19.6715
19.6528
19.6298
19.6399
19.6236
19.6144
19.5921
19.6755
19.6504
19.6316
19.6445
19.6358
19.6327
19.6052
19.6206
19.6267
19.6239
19.6649
19.7419
19.7357
19.7626
19.7639
19.7514
19.7746
19.7875
19.832
19.9001
19.9032
19.903
19.8673
19.8747
19.8399
19.8509
19.8193
19.8029
19.8876
19.8914
19.9144
19.9146
19.8899
19.885
19.8694
19.8668
19.8376
19.8181
19.8687
19.9586
19.9399
19.9419
19.9111
19.9265
19.8984
19.8687
19.8657
19.8563
19.8642
19.9567
19.9213
19.9488
19.9161
19.9207
19.8997
19.8766
19.8763
19.8439
19.925
19.9449
19.9635
19.9383
19.9085
19.9338
19.9123
19.9284
19.8953
19.9383
19.9541
19.9985
19.9711
19.9695
19.9444
19.9628
19.9482
19.9161
19.9323
19.9844
20.0495
20.0206
20.0175
20.0234
20.0266
20.07
20.062
20.0701
20.1716
20.1714
20.1253
20.0947
20.0576
20.0259
20.0385
20.0015
20.0199
20.0309
20.1243
20.1546
20.1156
20.0795
20.0381
20.0054
20.049
20.0193
20.0084
20.0055
20.0257
19.9943
19.9693
19.9813
19.9529
19.9495
19.923
19.8865
19.7514
19.6685
19.9573
19.9119
19.837
19.7394
19.6825
19.7553
19.7442
19.7304
19.6337
19.7697
19.8383
19.8241
19.7225
19.632
19.5787
19.4903
19.4076
19.3599
19.2836
19.2381
19.374
19.3439
19.3044
19.2346
19.1646
19.1315
19.0681
19.0263
18.9686
18.9319
18.9915
18.9952
18.979
18.926
18.8727
18.8613
18.8122
18.8049
18.7601
18.72
18.7515
18.7398
18.8162
18.7743
18.7345
18.727
18.6964
18.701
18.6771
18.66
18.7278
18.8051
18.8219
18.7942
18.7968
18.8025
18.7763
18.7728
18.7499
18.7308
18.8049
18.8015
18.8076
18.779
18.7877
18.7858
18.7575
18.7229
18.7709
18.7431
18.7594
